11 28 10 1
3 2 464
2 3 464
2 1 1435
1 2 1435
1 5 811
5 1 811
1 6 837
6 1 837
2 4 343
4 2 343
4 5 879
5 4 879
5 6 954
6 5 954
10 4 1054
4 10 1054
4 9 1106
9 4 1106
5 8 524
8 5 524
6 7 433
7 6 433
10 9 1364
9 10 1364
9 8 766
8 9 766
8 7 1053
7 8 1053
1
2
3
4
5
6
7
8
9
10
0 0 0 0

